3702
4932
6239
7227
7955
9606
10090
10116
103372
7029
7159
37682
5341
9646
28583
13333
400682
28377
7165
157072
7460
6500
218851
50452
13349
7994
12957
44056
160860
3075
9767
109871
430998
176275
161934
5016
5039
34373
72658
132113
7091
40559
15368
7739
89462
6326
264951
9483
90675
9612
43228
192875
81985
3649
9478
10141
7213
8469
34839
3055
554065
60711
8479
185453
3827
7719
1182553
5111
248742
474922
8932
80637
61459
5346
73501
10029
552467
5808
7176
45157
244447
430498
13037
6669
9361
4959
44689
64363
6211
9371
2880
28737
2903
364733
46681
29078
33169
9365
4155
8010
71139
72664
97096
5970
93612
9685
59894
208960
40483
691883
57918
885580
5507
8049
29850
130081
482537
9031
69293
101852
65071
104355
3847
9593
29730
110365
226899
55529
52644
8153
34740
6412
10181
5037
4513
272952
6087
5932
43179
51337
1392244
28985
4922
215358
7897
77586
7918
9713
5022
4006
118797
7209
36914
9785
35725
148304
3750
3983
698440
106582
3880
203908
10036
4929
69319
63405
79684
4920
34349
27923
221103
13616
981085
36080
4641
7370
9668
63402
1026970
7425
4432
45351
310453
32507
29176
128390
61853
9315
9978
10160
9707
1005962
61273
9733
8128
9258
9818
9986
8090
30611
9940
38727
9694
59538
9555
5888
13684
121225
13735
1108849
10042
393283
223192
2850
3885
42345
3218
42099
4909
5833
263815
5145
9601
3694
83344
655981
181119
5297
202698
303518
53485
318829
337075
225117
115417
176946
61622
13249
5286
3988
10224
27679
112098
9305
4924
6183
5334
866546
88036
65672
85982
4555
4081
5147
42254
4558
340170
72019
109760
29908
144197
40492
126957
7668
34506
9823
31033
28564
5011
28532
5911
32264
113608
529818
3641
5811
5217
7070
9778
6334
5722
5551
10228
82508
5693
39416
246437
9739
33188
29073
120017
27337
29760
3067
148960
1041607
8364
8083
45596
4952
136037
1047171
140110