3702
4932
6239
7227
7955
9606
10090
10116
103372
7029
7159
37682
5341
9646
653948
38654
28583
13333
400682
28377
7165
84751
157072
7460
6500
218851
50452
13349
5059
7994
12957
44056
160860
3075
5865
9767
41875
109871
430998
176275
161934
227086
5016
5039
34373
72658
132113
7091
9913
40559
15368
7739
3712
89462
6326
264951
9483
90675
5482
9612
43228
192875
81985
3649
9478
10141
7213
38033
8469
34839
3055
554065
60711
8479
185453
3827
7719
85681
1182553
5111
5501
248742
474922
8932
80637
61459
5346
73501
10029
552467
5808
3659
7176
45157
244447
293227
430498
13037
6669
9361
4959
44689
64363
6211
9371
2880
28737
2903
364733
46681
29078
33169
9365
4155
8010
71139
72664
97096
5970
93612
9685
59894
208960
40483
691883
57918
885580
5507
8049
29850
130081
482537
9031
69293
101852
65071
104355
3847
9593
29730
110365
226899
55529
52644
99158
8153
34740
6412
984962
10181
5037
4513
272952
6087
5932
43179
51337
1392244
432096
28985
4922
381046
215358
7897
77586
5664
7918
9713
5022
4006
118797
7209
36914
9785
9544
35725
148304
3750
3983
698440
106582
3880
203908
10036
568076
4929
296587
69319
63405
79684
4920
34349
27923
221103
13616
81824
78898
981085
36080
4641
7370
9668
59463
5762
63402
1026970
7425
27288
4432
45351
310453
32507
29176
40127
4096
128390
61853
9315
9978
10160
9707
1005962
72228
61273
9733
8128
9258
9818
9986
4529
8090
70448
30611
9940
9597
38727
9694
59538
9555
1048829
5888
13684
121225
13735
1108849
10042
393283
223192
2850
3885
42345
3218
67593
42099
4909
5833
263815
5145
48698
9601
3694
3760
83344
655981
181119
327079
9402
5297
202698
303518
53485
318829
337075
225117
115417
176946
61622
588596
936053
13249
5286
3988
10224
27679
946362
112098
9305
4924
6183
5334
866546
5180
88036
65672
85982
4555
4081
5147
42254
4558
340170
72019
85929
109760
72558
29908
144197
40492
126957
7668
34506
9823
31033
28564
5011
28532
5911
32264
113608
159749
529818
5872
3641
78579
35720
4950
5811
5217
7070
9778
6334
29875
5722
5551
10228
82508
4565
5693
39416
246437
9739
33188
29073
120017
36033
27337
29760
3067
148960
1041607
8364
8083
45596
4952
4577
136037
4956
1047171
5478
140110
